Table 9. Private sector establishment births and deaths, seasonally adjusted

Louisiana

Total private

                                   Births(1)                       Deaths(2)
Year  3 months ended  Establishments     Employment   Establishments     Employment

1992  September              N/A               N/A         1,841            18,924
      December               N/A               N/A         1,916            10,237
 
1993  March                  N/A               N/A         2,357            17,975
      June                 2,642            20,314         2,168            17,695
      September            2,577            16,308         1,864            15,303
      December             2,337            15,765         2,008            11,280
 
1994  March                2,671            20,241         2,221            17,500
      June                 2,779            18,501         2,580            17,383
      September            2,655            18,532         1,858            12,602
      December             2,432            17,458         2,289            15,564
 
1995  March                2,609            19,684         2,187            15,452
      June                 2,554            16,767         2,178            15,684
      September            2,051            12,739         1,968            10,065
      December             2,091            12,111         2,513            12,522
 
1996  March                2,583            15,225         2,150            13,369
      June                 2,818            15,950         2,179            10,988
      September            2,697            16,361         2,095            12,411
      December             2,358            14,974         1,979            11,646
 
1997  March                2,519            14,496         2,201            13,962
      June                 2,466            13,355         1,997             9,913
      September            3,024            14,307         2,341            12,163
      December             2,848            19,730         2,150            12,800
 
1998  March                2,568            12,828         2,063            12,775
      June                 2,886            17,701         2,517            15,543
      September            3,059            18,639         2,636            15,000
      December             2,375            15,359         2,492            13,788
 
1999  March                2,628            16,909         2,532            16,267
      June                 2,700            18,364         2,572            16,773
      September            2,978            20,091         2,494            16,623
      December             2,687            17,339         2,433            15,078
 
2000  March                2,716            17,671         2,438            14,014
      June                 2,715            17,160         3,105            18,953
      September            2,754            14,097         2,831            17,238
      December             2,627            18,868         3,054            18,636
 
2001  March                2,480            14,929         2,854            20,480
      June                 2,744            18,224         2,653            17,704
      September            2,508            16,794         2,907            17,106
      December             2,523            16,243         2,459            16,281
 
2002  March                2,612            17,825         2,612            16,363
      June                 2,548            16,667         2,554            15,179
      September            2,550            15,228         2,370            12,948
      December             2,572            17,198         2,502            16,229
 
2003  March                2,361            12,356         2,381            12,708
      June                 2,665            15,613         2,302            13,268
      September            2,526            14,911         2,321            11,826
      December             2,415            13,206         2,307            12,407
 
2004  March                2,738            13,782         2,566            11,948
      June                 2,641            14,346         2,334            11,861
      September            2,473            14,698         2,385            13,487
      December             2,837            15,396         2,350            13,039
 
2005  March                2,549            13,217         2,432            10,106
      June                 2,451            14,929         2,514            11,556
      September            2,268            13,726         5,384            29,471
      December             2,893            20,145         3,144            23,980
 
2006  March                2,824            16,820         2,363            10,668
      June                 2,876            16,120         2,507            10,284
      September            2,899            15,722         2,428            12,269
      December             3,294            16,608         2,423            11,113
 
2007  March                2,866            14,892         2,393            10,400
      June                 2,765            14,515         2,465            11,145
      September            2,977            16,265         2,369            10,593
      December             3,017            17,074         2,579            11,661
 
2008  March                2,638            12,833         2,480            11,408
      June                 2,489            13,600         2,640            10,801
      September            2,517            14,418         2,793            13,627
      December             2,738            12,632         2,674            14,870
 
2009  March                2,520            12,845         2,732            11,571
      June                 2,285            11,034         2,665            10,665
      September            2,326            12,613         2,755            11,183
      December             2,277            11,438         2,643            10,455
 
2010  March                2,446            11,635         2,332             9,157
      June                 2,191            11,426         2,308             9,563
      September            2,551            12,359         2,723            11,911
      December             2,559            12,295         2,540            10,902
 
2011  March                2,495            11,835         2,283             8,934
      June                 2,541            12,500         2,334            10,551
      September            2,569            13,634         2,424            10,453
      December             2,556            12,480         2,297            10,569
 
2012  March                2,691            11,487         2,569            10,367
      June                 2,512            11,515         2,480            11,958
      September            2,456            11,895         2,564            11,496
      December             2,437            12,790         2,374            11,213
 
2013  March                2,679            12,265         2,374            10,522
      June                 2,506            12,844         2,311             9,406
      September            2,534            14,615         2,247            10,002
      December             2,656            15,119         2,515             9,931
 
2014  March                2,457            13,787         2,481            10,222
      June                 2,425            12,964         2,445            10,111
      September            2,451            11,192         2,680            10,988
      December             2,670            12,311         2,156             8,683
 
2015  March                2,601            13,914         2,844            12,332
      June                 2,457            12,237         2,499             9,607
      September            2,423            11,951         2,180             8,993
      December             2,597            14,404         2,433             9,488
 
2016  March                2,600            12,743         2,729            10,070
      June                 2,278            11,408         2,424            10,738
      September            2,329            10,961         2,535            10,880
      December             2,415            10,849         2,403             9,974
 
2017  March                2,597            11,252         2,504             9,562
      June                 2,530            10,877         2,542            10,995
      September            2,586            11,803         2,397             9,414
      December             2,473            11,107         2,375            10,409
 
2018  March                2,604            11,195         2,625             9,709
      June                 2,570            11,680         2,563            10,327
      September            2,640            11,108         2,481             9,908
      December             2,828            12,108         2,263             8,649
 
2019  March                2,536            10,971         2,705            11,773
      June                 2,575            13,059         2,411             8,988
      September            2,454            10,032         2,609            10,704
      December             2,491            10,673         2,371             8,726
 
2020  March                2,280            10,349         2,548             8,875
      June                 1,751             6,980         3,400            14,360
      September            2,515            10,053         2,158             7,183
      December             2,877            10,728         2,273             8,229
 
2021  March                3,211            13,088         2,658             8,789
      June                 3,101            10,128         2,347             7,322
      September            3,144            11,400         2,757             9,611
      December             3,614            11,368         2,831            10,121
 
2022  March                3,804            15,442         3,300            11,010
      June                 3,503            11,494         2,998            10,581
      September            3,187             9,670         2,162             7,837
      December             3,087            11,224         3,156            10,048
 
2023  March                3,948            14,113         3,218             9,138
      June                 3,054            11,282         3,037             9,565
      September            2,925            11,167           N/A               N/A
      December             3,295            14,040           N/A               N/A
 
2024  March                3,594            12,886           N/A               N/A
 
(1) Values for births are not available for the first three quarters of the time series by definition.
(2) Values for deaths are not available for the most recent three quarters by definition.
