Table 9. Private sector establishment births and deaths, seasonally adjusted

Oklahoma

Total private

                                   Births(1)                       Deaths(2)
Year  3 months ended  Establishments     Employment   Establishments     Employment

1992  September              N/A               N/A         1,869            10,089
      December               N/A               N/A         1,980            13,670
 
1993  March                  N/A               N/A         1,895            11,162
      June                 2,343            11,737         1,953            10,279
      September            2,509            13,722         1,958            12,488
      December             2,307            13,248         2,021            10,406
 
1994  March                2,314            15,773         2,016            17,078
      June                 2,143            11,771         2,018            10,738
      September            2,416            13,135         1,986            10,697
      December             2,359            13,885         2,159            11,006
 
1995  March                2,255            15,734         2,066            10,820
      June                 2,181            13,695         2,135            15,263
      September            2,337            13,763         1,921            12,088
      December             2,371            15,535         2,313            14,277
 
1996  March                2,018            15,226         2,054            13,185
      June                 2,507            18,021         2,323            13,415
      September            2,495            18,895         2,132            14,066
      December             2,159            14,278         2,387            15,195
 
1997  March                2,592            18,262         2,146            15,523
      June                 2,573            15,004         1,849            14,102
      September            1,108             6,559           977             9,145
      December             3,529            19,042         1,544            15,661
 
1998  March                2,302            16,639         2,351            15,491
      June                 2,022            14,111         1,942            16,495
      September            2,124            12,181         2,003            15,639
      December             1,774            14,568         2,345            15,068
 
1999  March                3,164            21,593         2,351            18,481
      June                 2,172            16,631         3,204            19,309
      September            2,208            14,757         2,628            20,043
      December             2,338            15,327         2,493            16,496
 
2000  March                2,310            14,831         2,361            13,654
      June                 1,773            10,484         1,996            11,112
      September            2,471            18,363         2,313            14,462
      December             2,216            18,481         2,134            15,803
 
2001  March                2,034            15,121         2,137            18,295
      June                 1,955            16,790         2,207            12,309
      September            3,500            22,557         2,874            21,394
      December             2,051            15,516         2,411            17,536
 
2002  March                2,330            15,049         1,997            13,442
      June                 2,142            16,007         2,146            13,603
      September            2,232            16,697         2,136            16,053
      December             2,342            12,595         2,569            17,241
 
2003  March                2,014            11,821         2,154            14,850
      June                 2,164            14,285         2,020            13,295
      September            2,219            13,835         2,293            14,015
      December             2,056            11,919         1,752            10,934
 
2004  March                2,365            14,112         1,938            12,636
      June                 2,662            17,879         2,782            16,437
      September            2,172            11,001         1,945            10,593
      December             2,090            10,610         1,691             9,102
 
2005  March                2,201            11,585         1,834            11,064
      June                 2,394            12,460         2,049            10,789
      September            2,350            12,948         1,968            12,290
      December             2,558            13,011         2,241             9,314
 
2006  March                2,569            11,710         1,884             7,880
      June                 2,651            14,032         2,385            12,528
      September            2,435            12,746         2,076             9,627
      December             2,468            12,107         2,184            12,752
 
2007  March                2,097            11,621         2,100             9,851
      June                 2,725            16,344         2,968            14,737
      September            2,347            11,492         1,747             8,922
      December             2,216            11,495         1,925             8,744
 
2008  March                2,173            10,424         2,004             8,140
      June                 2,622            11,963         2,176             9,625
      September            2,001             9,881         2,185             9,704
      December             2,289            10,520         2,522            10,172
 
2009  March                2,593            12,492         2,578            14,840
      June                 1,893             9,326         3,197            12,745
      September            1,835             8,815         2,108             8,757
      December             2,335             9,204         2,164             8,964
 
2010  March                2,239             8,617         1,791             7,768
      June                 2,209             9,472         1,935             7,676
      September            2,171             9,319         2,646            10,067
      December             2,365             9,850         1,884             7,020
 
2011  March                2,140             9,596         2,353             8,074
      June                 2,057             8,234         1,625             5,818
      September            2,209            10,254         2,136             8,566
      December             2,395            10,368         2,007             8,696
 
2012  March                2,109             8,288         2,164             7,963
      June                 2,178             9,883         1,558             5,420
      September            2,369             9,822         2,279             8,827
      December             1,962             9,329         1,775             7,238
 
2013  March                2,463            10,200         2,396             8,486
      June                 2,315            11,058         2,079             7,952
      September            2,545            10,534         1,684             6,388
      December             2,329            11,139         2,158             9,012
 
2014  March                2,356            10,025         2,484             8,500
      June                 2,449             9,512         1,965             7,301
      September            2,338             9,051         1,685             6,583
      December             2,496            11,401         2,072             7,420
 
2015  March                2,392             9,500         2,341             7,402
      June                 2,345             9,784         2,537             9,080
      September            2,354             9,997         2,412             8,956
      December             2,344             9,928         2,446             9,616
 
2016  March                2,282             8,812         2,323             7,405
      June                 2,301             8,879         2,351             8,964
      September            2,341            10,393         2,325             8,007
      December             2,381            11,028         2,367             9,983
 
2017  March                2,574            10,608         2,915            10,694
      June                 2,543            12,087         1,951             8,626
      September            2,520            11,386         2,121            10,025
      December             2,376            10,531         2,735            10,790
 
2018  March                2,316            11,308         2,236             8,361
      June                 2,535            11,882         2,722            10,253
      September            2,465            11,366         2,491            10,511
      December             2,685            12,767         2,481            10,345
 
2019  March                2,357             9,772         2,418             8,618
      June                 2,667            11,276         2,576            10,494
      September            2,794            12,057         2,425            10,063
      December             2,574            12,501         2,544             9,594
 
2020  March                2,139             9,392         2,249             8,232
      June                 2,427            10,471         3,113            10,878
      September            1,965             7,569         2,322             7,714
      December             3,213            19,588         2,235             8,469
 
2021  March                2,868            10,918         2,497             8,656
      June                 3,322            11,759         2,516             9,070
      September            3,521            12,990         3,384            12,490
      December             3,432            11,950         2,768            10,492
 
2022  March                3,507            11,362         2,616             9,160
      June                 3,982            13,152         2,592             9,639
      September            3,549            11,713         2,540             9,703
      December             4,309            14,663         3,140            11,795
 
2023  March                3,638            13,049         2,688             8,421
      June                 3,626            13,093         2,948             9,215
      September            3,507            11,979           N/A               N/A
      December             3,316            12,759           N/A               N/A
 
2024  March                3,512            11,555           N/A               N/A
 
(1) Values for births are not available for the first three quarters of the time series by definition.
(2) Values for deaths are not available for the most recent three quarters by definition.
