Table 9. Private sector establishment births and deaths, seasonally adjusted

Oregon

Total private

                                   Births(1)                       Deaths(2)
Year  3 months ended  Establishments     Employment   Establishments     Employment

1992  September              N/A               N/A         2,121            17,757
      December               N/A               N/A         2,017             9,801
 
1993  March                  N/A               N/A         1,910             6,732
      June                 2,934            12,338         2,021             8,168
      September            3,151            13,226         2,004             9,015
      December             2,948            12,098         2,163             9,297
 
1994  March                2,827            12,145         2,146            10,207
      June                 3,100            15,282         2,453             9,829
      September            3,030            12,027         2,282             9,692
      December             2,971            13,048         2,411             9,622
 
1995  March                2,900            12,421         2,372            10,205
      June                 2,958            12,893         2,404            11,692
      September            2,981            13,069         2,629            12,128
      December             3,161            14,919         2,705            12,934
 
1996  March                2,955            14,619         2,736            13,845
      June                 3,250            16,698         2,696            15,226
      September            3,211            18,784         2,458            15,767
      December             3,468            17,860         2,657            11,194
 
1997  March                3,474            18,948         2,657            15,443
      June                 3,375            13,414         2,278             9,009
      September            3,012            11,185         2,585            11,373
      December             3,277            17,811         2,591            14,394
 
1998  March                3,011            12,245         2,994            13,297
      June                 3,212            16,905         2,981            14,760
      September            2,985            15,315         3,097            14,125
      December             2,733            11,121         2,848            15,840
 
1999  March                3,200            15,227         3,033            19,385
      June                 2,858            13,204         2,665            13,825
      September            3,285            14,999         2,781            15,864
      December             3,158            14,025         2,952            11,940
 
2000  March                3,007            15,375         3,128            15,252
      June                 3,462            17,042         3,168            14,340
      September            3,270            13,402         3,101            14,870
      December             2,859            11,937         3,009            12,651
 
2001  March                3,230            13,390         3,072            17,111
      June                 2,973            12,476         3,050            12,970
      September            2,910            12,221         3,136            14,434
      December             2,752            11,951         3,038            12,348
 
2002  March                2,867            14,043         3,073            14,416
      June                 3,094            11,639         2,611            12,448
      September            3,133            11,229         2,684            10,539
      December             3,189            11,786         2,657            10,148
 
2003  March                3,106            12,502         2,845            13,508
      June                 2,902            11,162         2,844            10,212
      September            3,177            11,556         2,513            10,390
      December             3,193            11,314         2,629            10,104
 
2004  March                2,888            11,253         2,618             9,301
      June                 3,113            11,864         2,710            10,712
      September            3,125            11,414         2,748            11,030
      December             3,277            10,353         2,577             9,419
 
2005  March                3,298            10,695         2,701            10,425
      June                 3,013             9,824         2,542             8,556
      September            3,485            10,072         2,571             8,290
      December             3,340            11,476         2,654             8,888
 
2006  March                3,324            11,257         2,717             8,300
      June                 3,335            10,798         2,551             8,714
      September            3,332            10,138         2,836             9,316
      December             3,410            11,048         2,818             8,822
 
2007  March                3,504            10,794         2,586             7,745
      June                 3,028             9,742         3,441            12,021
      September            3,104            10,549         3,240            10,248
      December             3,213            12,587         3,140            10,152
 
2008  March                2,962             9,170         3,196             8,266
      June                 3,164            10,125         3,785            11,419
      September            2,839             9,944         3,240            10,169
      December             2,948             9,759         3,972            12,048
 
2009  March                2,664             7,923         4,396            12,354
      June                 2,528             7,587         3,240            10,239
      September            2,598             8,312         3,441             9,784
      December             2,891             8,707         3,160             9,414
 
2010  March                2,720             8,179         3,099             8,595
      June                 2,917             8,723         2,865             7,875
      September            3,075             9,658         2,850             8,459
      December             2,844             8,363         2,977             9,722
 
2011  March                3,118             8,990         2,768             7,192
      June                 2,794             8,396         2,721             7,464
      September            2,942             9,279         2,945             8,384
      December             2,924             9,788         2,814             8,392
 
2012  March                3,119             9,486         2,715             8,034
      June                 2,802             8,917         2,830             8,793
      September            2,712             8,750         2,718             7,299
      December             3,019             9,020         2,678             7,441
 
2013  March                3,207             9,621         2,739             6,968
      June                 3,032             8,642         2,755             7,930
      September            2,900             9,806         2,718             7,657
      December             2,741             8,970         2,682             7,766
 
2014  March                3,017             8,106         2,648             7,081
      June                 3,241             9,464         2,667             7,866
      September            3,025             8,717         2,681             7,166
      December             3,147            10,293         2,749             7,983
 
2015  March                3,131             8,365         2,601             6,820
      June                 2,940             9,624         2,674             8,270
      September            3,442            10,843         2,875             8,383
      December             3,149            10,665         2,598             8,178
 
2016  March                3,273             9,085         2,675             7,282
      June                 3,192            10,190         2,978             9,702
      September            3,336            11,418         2,964             9,929
      December             3,091            11,212         2,806             8,714
 
2017  March                3,267             9,497         2,810             7,322
      June                 3,266             9,627         3,026             8,657
      September            3,853            11,353         3,080             8,938
      December             3,460            11,755         2,794             7,899
 
2018  March                3,861            24,978         3,018             7,791
      June                 3,876            10,824         3,321             9,435
      September            3,577            10,998         3,518            10,123
      December             3,352            10,513         3,240             9,121
 
2019  March                3,850             9,992         3,029             8,514
      June                 3,706            10,490         3,419             9,578
      September            3,498             9,711         3,458             9,783
      December             3,452            10,326         3,274             9,761
 
2020  March                9,744            18,943         3,307             9,284
      June                 3,455             8,891         5,721            19,790
      September            5,962            13,689         3,412             9,309
      December             4,444            10,106         3,314             9,184
 
2021  March                4,696            10,687         3,408             7,950
      June                 5,184            12,674         3,811             8,785
      September            4,821            12,097         4,314            11,318
      December             3,827            11,200         4,360            12,191
 
2022  March                5,158            13,529         4,068             9,994
      June                 4,037            10,236         4,529            11,649
      September            3,347            10,120         3,671             9,309
      December             6,420            18,534         4,389            10,844
 
2023  March                6,241            14,629         4,711            10,892
      June                 6,258            17,316         4,837            13,843
      September            4,685            12,671           N/A               N/A
      December             4,292            12,368           N/A               N/A
 
2024  March                4,973            11,590           N/A               N/A
 
(1) Values for births are not available for the first three quarters of the time series by definition.
(2) Values for deaths are not available for the most recent three quarters by definition.
