Table 9. Private sector establishment births and deaths, seasonally adjusted

Wisconsin

Total private

                                   Births(1)                       Deaths(2)
Year  3 months ended  Establishments     Employment   Establishments     Employment

1992  September              N/A               N/A         2,540            15,035
      December               N/A               N/A         2,162            15,735
 
1993  March                  N/A               N/A         2,409            16,543
      June                 2,497            14,017         2,410            13,435
      September            2,888            16,331         2,354            13,863
      December             2,832            17,651         2,312            11,887
 
1994  March                2,945            26,009         2,126            14,162
      June                 2,944            21,926         2,472            13,600
      September            3,184            19,985         2,357            14,123
      December             2,809            17,202         2,531            13,625
 
1995  March                3,002            24,545         2,387            14,972
      June                 2,928            24,918         2,564            15,129
      September            2,534            15,771         2,433            15,168
      December             2,909            17,115         2,365            13,928
 
1996  March                2,667            23,442         2,501            18,156
      June                 3,000            22,887         2,571            12,972
      September            2,844            21,561         2,293            12,745
      December             3,056            22,508         2,418            13,735
 
1997  March                2,270            20,489         2,361            16,241
      June                 2,885            27,254         2,383            12,214
      September            3,068            17,832         2,473            12,256
      December             3,436            26,219         2,818            15,985
 
1998  March                2,189            14,082         2,565            15,044
      June                 2,909            17,303         2,474            10,838
      September            2,980            20,011         2,290            12,079
      December             3,135            17,415         2,162            11,329
 
1999  March                2,788            20,453         2,740            18,499
      June                 3,145            22,325         2,449            12,485
      September            2,843            15,322         2,505            13,296
      December             2,771            14,572         2,372            12,346
 
2000  March                2,704            12,833         2,568            12,332
      June                 3,073            15,895         2,633            15,314
      September            2,712            13,702         2,652            12,125
      December             2,267            12,405         2,632            11,995
 
2001  March                2,698            12,627         2,787            18,029
      June                 2,821            13,727         2,739            17,683
      September            2,778            16,673         2,800            15,115
      December             2,556            14,348         2,736            13,677
 
2002  March                3,193            20,472         2,641            15,782
      June                 2,807            15,950         2,599            17,354
      September            2,800            14,149         2,536            11,968
      December             2,641            14,911         2,579            13,658
 
2003  March                2,546            12,977         2,586            13,146
      June                 2,692            12,983         2,467             9,763
      September            2,748            14,062         2,544            10,950
      December             2,719            14,265         2,364            10,102
 
2004  March                2,662            12,926         2,419            12,006
      June                 3,038            14,059         2,460            11,662
      September            2,808            14,393         2,487            13,026
      December             2,972            15,801         2,500            10,621
 
2005  March                2,823            12,214         2,535             9,903
      June                 2,823            11,308         2,695            11,974
      September            2,969            14,171         2,714            11,556
      December             3,020            14,050         2,788            13,146
 
2006  March                2,875            13,677         2,702             9,752
      June                 2,935            12,439         2,767            12,054
      September            3,071            15,047         3,067            13,739
      December             2,904            13,913         2,754            11,893
 
2007  March                2,782            12,692         2,890            13,337
      June                 2,667            11,187         2,948            11,770
      September            2,609            12,196         2,955            11,787
      December             2,341            11,459         2,864            11,747
 
2008  March                2,895            12,344         3,089            11,095
      June                 2,885            12,630         3,031            12,375
      September            2,848            12,843         3,143            12,678
      December             2,594            11,204         3,381            13,786
 
2009  March                2,554            10,445         3,340            10,956
      June                 2,112             8,088         3,060            12,139
      September            2,111            10,309         2,987            11,070
      December             2,362            10,342         2,898            12,793
 
2010  March                2,474            10,334         2,736             9,329
      June                 2,352            10,314         2,591            10,154
      September            2,455            11,491         2,766            10,827
      December             2,610            11,527         2,730            11,337
 
2011  March                2,679            11,382         2,641             8,410
      June                 2,575             9,760         2,544             9,612
      September            2,759            11,021         2,772            10,321
      December             2,672            10,817         2,710            10,426
 
2012  March                3,346            11,673         2,652             8,619
      June                 3,278            11,755         2,477             9,392
      September            3,259            11,894         2,750            10,471
      December             3,208            11,736         2,689            10,290
 
2013  March                3,421            11,106         2,841             8,931
      June                 3,438            12,014         2,666            10,004
      September            3,686            12,701         2,631             8,693
      December             2,946             9,494         2,691             9,421
 
2014  March                3,282            10,548         2,646             8,362
      June                 3,275            10,217         2,904            10,241
      September            3,299            11,094         2,900            11,114
      December             3,639            12,551         3,052            10,279
 
2015  March                3,365            10,649         2,995             8,388
      June                 3,413            11,567         3,207             9,769
      September            3,859            12,908         3,089             9,389
      December             3,519            16,879         2,980             9,577
 
2016  March                3,564            10,455         2,930             8,752
      June                 3,502            11,086         3,240             9,236
      September            3,933            12,424         3,121            10,096
      December             3,710            11,977         3,284             9,929
 
2017  March                3,806            12,542         3,055             8,549
      June                 3,728            11,827         3,442            10,891
      September            3,593            11,042         3,278             9,430
      December             3,627            11,344         3,192             9,585
 
2018  March                3,860            11,507         3,171             8,532
      June                 3,810            10,412         3,457            10,569
      September            3,811            11,368         3,433            12,020
      December             3,609            11,080         3,420             9,701
 
2019  March                3,839            10,956         3,233             8,772
      June                 3,935            10,375         3,220            10,241
      September            3,661            10,330         3,716            12,978
      December             3,820            10,584         3,929            11,113
 
2020  March                4,321            11,262         3,621             9,130
      June                 3,377             8,130         4,667            16,402
      September            4,154            10,699         3,221             8,001
      December             4,275            13,562         3,080             7,729
 
2021  March                5,323            11,546         3,251             7,714
      June                 5,719            13,227         3,728             9,272
      September            5,475            13,179         3,993            10,118
      December             5,523            14,690         4,197            10,910
 
2022  March                6,324            15,596         4,088            10,311
      June                 6,465            17,251         5,142            15,853
      September            6,724            18,944         3,913            12,644
      December             5,585            16,279         5,600            16,011
 
2023  March                5,954            13,954         4,502            10,297
      June                 5,184            12,865         5,331            14,402
      September            5,210            13,645           N/A               N/A
      December             4,963            13,359           N/A               N/A
 
2024  March                5,340            13,185           N/A               N/A
 
(1) Values for births are not available for the first three quarters of the time series by definition.
(2) Values for deaths are not available for the most recent three quarters by definition.
